2018-01-11 16:44

IPG	[[-9.42206573 -0.93685371 -1.65136695]]		-1.65136694908
SCG	[[-6.67399883  1.9234767  -1.80991518]]		-1.80991518497
AAL	[[-8.35640621  0.21782511 -1.82967186]]		-1.82967185974
SLB	[[-6.53247213 -1.54285264 -2.47002935]]		-2.4700293541
ALK	[[-9.57095242 -1.19741273 -2.61153316]]		-2.61153316498
INFO	[[-5.51832342 -1.52274156 -2.63912511]]		-2.63912510872
HAS	[[-9.06568336 -1.01171136 -2.65165782]]		-2.65165781975
HPE	[[-7.62575865  0.21603841 -2.7129817 ]]		-2.7129817009
SNI	[[-7.13029528 -0.0907281  -2.82699656]]		-2.82699656487
FBHS	[[-6.69742537 -0.33538276 -2.85332417]]		-2.85332417488
STT	[[-6.8621583   0.498851   -3.08005023]]		-3.08005023003
CHD	[[-7.55722952 -1.67218041 -3.10906124]]		-3.10906124115
AMGN	[[-7.81934595  1.31305861 -3.19212532]]		-3.19212532043
NLSN	[[-8.15647507  0.75630349 -3.22265935]]		-3.22265934944
LLY	[[-7.33099985  0.76508635 -3.29553604]]		-3.29553604126
CERN	[[-8.08057594  0.33348244 -3.34033275]]		-3.34033274651
RSG	[[-5.63059711 -1.37690043 -3.34943819]]		-3.34943819046
CINF	[[-7.0310483  -0.57479268 -3.36610794]]		-3.36610794067
APA	[[-8.29529858 -0.56426841 -3.40482473]]		-3.40482473373
BK	[[-6.60654974 -0.46302015 -3.41998792]]		-3.41998791695
GT	[[-6.51761246 -0.98689204 -3.45403695]]		-3.45403695107
FISV	[[-6.07174063 -0.83118993 -3.46081018]]		-3.46081018448
KMX	[[-12.92827606   4.12499475  -3.51091528]]		-3.51091527939
EBAY	[[-5.54744673 -1.05432773 -3.51956058]]		-3.51956057549
BEN	[[-7.42290115  0.37865323 -3.52970552]]		-3.52970552444
DPS	[[-5.90155554 -1.45419669 -3.57629299]]		-3.57629299164
IT	[[-6.97697306  1.30166888 -3.58704567]]		-3.58704566956
HRB	[[-7.22593451 -1.22544885 -3.64691019]]		-3.64691019058
KSU	[[-5.47406769 -1.30129504 -3.6517024 ]]		-3.65170240402
WMB	[[-6.90425253  0.06442374 -3.68152809]]		-3.68152809143
