2018-01-08 17:35

CCI	[[-9.75539684  0.07316017  8.22355556]]		8.22355556488
NOV	[[-14.83907986   0.46593285   7.31347513]]		7.31347513199
AAPL	[[-8.2560873   1.79600143  6.85164928]]		6.85164928436
PKI	[[-8.01843548  0.51257133  6.68447161]]		6.68447160721
AJG	[[-9.63064766  1.2695241   6.52067947]]		6.52067947388
COG	[[-10.55091953   4.12964058   6.51241684]]		6.5124168396
VRSN	[[-8.8839674   2.18636465  6.37270308]]		6.37270307541
STZ	[[-6.07976627  0.72857046  6.29407692]]		6.29407691956
FMC	[[-6.81965065  0.96680832  6.24892807]]		6.24892807007
LLL	[[-8.14533615  0.2361412   6.16146278]]		6.16146278381
COL	[[-6.20937252  0.13797379  6.15381336]]		6.15381336212
AOS	[[-7.89121151  0.01852989  6.08360386]]		6.08360385895
DWDP	[[-6.96811008  0.03365803  6.07564592]]		6.07564592361
PVH	[[-9.71233273  1.74693203  6.01499176]]		6.01499176025
MHK	[[-8.02627373  0.46548462  6.00446415]]		6.00446414948
ICE	[[-10.47129917   0.66935587   5.90544319]]		5.90544319153
APH	[[-7.55873013  2.03338861  5.81824112]]		5.81824111938
IQV	[[-8.15406036  1.58055162  5.80771017]]		5.80771017075
PWR	[[-7.95605183  0.34913778  5.78666782]]		5.78666782379
EXR	[[-10.4942522    2.78555298   5.70905304]]		5.70905303955
CRM	[[-7.69860077  2.72126627  5.59641933]]		5.59641933441
NTRS	[[-8.33651543  1.08687353  5.51242256]]		5.51242256165
YUM	[[-8.73520565  0.1709671   5.48632431]]		5.4863243103
HPQ	[[-7.92244053  2.18772316  5.41360569]]		5.41360569
MET	[[-8.55547714  0.34947968  5.34315205]]		5.3431520462
V	[[-7.45476723  1.48219585  5.33962488]]		5.33962488174
ROP	[[-7.37195778  1.53913212  5.28752995]]		5.28752994537
PRGO	[[-7.98641205  1.93982983  5.24929237]]		5.24929237366
ADI	[[-5.49580765  1.62546062  5.24425554]]		5.24425554276
ALB	[[-8.67547321  2.00669289  5.21225739]]		5.21225738525
