2018-01-04 18:58

NFX	[[-10.90752125  -2.13367677   2.32270527]]		2.32270526886
SIG	[[-8.86905384 -5.13286304  1.68553209]]		1.68553209305
APA	[[-10.55986118  -1.35635424   0.55441815]]		0.55441814661
XEC	[[-10.09973049  -1.14632916   0.33498198]]		0.33498197794
RRC	[[-11.65245533  -0.28343964   0.1173287 ]]		0.117328703403
CHK	[[-11.44965935  -0.02671742  -0.09976357]]		-0.099763572216
BHGE	[[-9.84303188 -0.80387187 -0.10731643]]		-0.107316434383
APC	[[-10.05550289  -0.75330877  -0.29238075]]		-0.292380750179
EQT	[[-11.61573315   0.52736044  -0.39193052]]		-0.391930520535
DVN	[[-9.54742622 -0.96794868 -0.51034635]]		-0.510346353054
MRO	[[-7.80327368 -1.34613538 -0.82175392]]		-0.821753919125
GE	[[-11.52851772   0.76062179  -0.89103359]]		-0.89103358984
HES	[[-11.13502026   0.24460387  -0.95308918]]		-0.953089177608
REGN	[[-9.47945499  0.01531339 -0.97172207]]		-0.971722066402
MU	[[-6.68296719 -3.403898   -1.15884399]]		-1.15884399414
AMD	[[-8.49121284 -1.92932105 -1.22323179]]		-1.22323179245
CHTR	[[-11.16758823   0.68125677  -1.33252048]]		-1.33252048492
CXO	[[-9.67387295 -0.18325996 -1.46207285]]		-1.46207284927
NBL	[[-9.90079021  0.30964613 -1.52524137]]		-1.52524137497
SLB	[[-10.21945095   0.36818981  -1.59460974]]		-1.5946097374
EOG	[[-10.15464687   0.12339568  -1.67368984]]		-1.67368984222
BSX	[[-7.9490118  -1.06464005 -1.73495245]]		-1.7349524498
INCY	[[-9.83031368  0.7926631  -2.18775845]]		-2.18775844574
VRTX	[[-9.33756924 -0.08478761 -2.20584822]]		-2.20584821701
NVDA	[[-8.88129711 -0.49441791 -2.37053394]]		-2.37053394318
PRGO	[[-10.53470516   0.78039813  -2.45381784]]		-2.45381784439
PXD	[[-9.70823002  1.12628198 -2.51023293]]		-2.51023292542
MCHP	[[-9.89039803  0.55141425 -2.61094141]]		-2.61094141006
WDC	[[-6.53518295 -1.4732883  -2.64280224]]		-2.64280223846
COP	[[-9.8375845   1.47821331 -2.64475775]]		-2.64475774765
