2018-01-09 17:29

CCI	[[-9.29628849 -0.3951087   8.44465351]]		8.44465351105
A	[[-7.57184982 -0.72185135  7.97168827]]		7.97168827057
XLNX	[[-7.7239275  -0.27577925  7.50672436]]		7.5067243576
AVGO	[[-9.23096466 -0.09857225  7.37494707]]		7.37494707108
LLY	[[-11.077075    -0.8385973    6.95056629]]		6.95056629181
AJG	[[-9.61078262  0.89685726  6.87878847]]		6.87878847122
PKI	[[-7.90995216  0.68572617  6.82915831]]		6.82915830612
HPE	[[-11.50635815  -0.82973003   6.82257557]]		6.82257556915
PVH	[[-9.7584877   1.1194272   6.77155876]]		6.7715587616
SLB	[[-14.12951183  -0.04853177   6.73845005]]		6.73845005035
PCAR	[[-12.35846806  -0.14436197   6.73499298]]		6.73499298096
TJX	[[-11.01303196   0.17445707   6.68492746]]		6.68492746353
AOS	[[-8.16980171  0.03354216  6.6766119 ]]		6.67661190033
COG	[[-9.77434254  3.47138357  6.64054346]]		6.64054346085
COL	[[-6.36324406 -0.18469763  6.58767033]]		6.58767032623
WAT	[[-7.44536018 -0.10967636  6.56276703]]		6.56276702881
LLL	[[-8.16048813 -0.03534889  6.51155472]]		6.51155471802
PKG	[[-8.41653919 -0.94342899  6.47775269]]		6.47775268555
XOM	[[-9.22583866 -0.975914    6.44807673]]		6.44807672501
DWDP	[[-6.89528751 -0.67442036  6.43720722]]		6.43720722198
AFL	[[-7.47327709 -0.38820648  6.30331802]]		6.30331802368
NOV	[[-13.92964268   1.51707196   6.21186447]]		6.21186447144
STZ	[[-6.74802685  1.29639482  6.18052197]]		6.18052196503
APTV	[[-7.68626976 -0.46397877  6.15304136]]		6.15304136276
EXC	[[-9.02794075 -0.40764952  6.12267399]]		6.12267398834
PNR	[[-7.8005619   0.3119874   6.02694798]]		6.02694797516
SPG	[[-10.94670391  -0.60870981   6.02306223]]		6.02306222916
VRSN	[[-10.04662228   2.67403793   5.99755812]]		5.99755811691
ICE	[[-10.04755878   0.91180754   5.93772364]]		5.93772363663
CL	[[-10.203022    -0.71489382   5.93276501]]		5.93276500702
