2018-01-06 00:03

KR	[[-17.34800148   6.61836767  -0.04751414]]		-0.0475141406059
FL	[[-14.86529827   8.47822285  -1.17238116]]		-1.17238116264
EFX	[[-13.94372082   7.81027889  -1.37560582]]		-1.37560582161
ESRX	[[-15.9240284    3.70783234  -1.66566539]]		-1.66566538811
DISCK	[[-13.16197777  10.72958088  -1.85537362]]		-1.85537362099
DISCA	[[-13.26923943  10.75264549  -1.9501245 ]]		-1.95012450218
ULTA	[[-17.11866188  11.15045738  -2.06060791]]		-2.06060791016
ORLY	[[-16.24783516   1.93274188  -2.13602424]]		-2.13602423668
AAP	[[-18.23114395   9.86015034  -2.14292288]]		-2.14292287827
COST	[[-15.48820877   3.5996263   -2.14438224]]		-2.14438223839
CLX	[[-16.85774422   2.42651629  -2.2453413 ]]		-2.24534130096
BBY	[[-15.59127426   2.68110847  -2.32604337]]		-2.32604336739
SCG	[[-15.32743263  11.42476749  -2.53677177]]		-2.53677177429
CMG	[[-16.69251823  12.23766804  -2.57448959]]		-2.57448959351
UAA	[[-17.94147491  12.25220013  -2.59106016]]		-2.59106016159
CAG	[[-16.95487595   4.87431526  -2.62327075]]		-2.62327075005
GIS	[[-17.60095978   4.04790306  -2.63706183]]		-2.63706183434
VIAB	[[-15.23321342   7.78910637  -2.80321741]]		-2.80321741104
DVA	[[-16.47543526   6.87698412  -2.81327844]]		-2.81327843666
HRL	[[-18.52898979   7.93155003  -2.83472538]]		-2.83472537994
YUM	[[-17.14031792   3.73304987  -2.8782928 ]]		-2.878292799
RL	[[-15.46782303   2.12701464  -2.96829128]]		-2.96829128265
SJM	[[-19.31723595   9.95295429  -3.21010137]]		-3.21010136604
KSS	[[-16.33229446   4.20942974  -3.25804472]]		-3.2580447197
FOX	[[-17.59930611   7.30263424  -3.35963631]]		-3.35963630676
COTY	[[-20.93445969  14.09934425  -3.43609166]]		-3.43609166145
NAVI	[[-14.93164635  10.48599052  -3.49790955]]		-3.4979095459
SYY	[[-16.8648262    4.39308548  -3.56974649]]		-3.56974649429
UA	[[-17.85238457  11.63931751  -3.58024025]]		-3.58024024963
AGN	[[-16.65096474  13.34363461  -3.68039441]]		-3.68039441109
