2018-01-12 17:45

UA	[[-8.00673294 -3.44844079 -0.58744067]]		-0.587440669537
PCG	[[-6.52420282 -4.7757802  -0.64923483]]		-0.649234831333
UAA	[[-8.22162342 -3.38481474 -0.86956638]]		-0.869566380978
CELG	[[-5.19854021 -5.6844039  -0.88032967]]		-0.880329668522
OMC	[[-8.00669861 -3.16332746 -1.04622543]]		-1.04622542858
T	[[-6.02924204 -5.73928595 -1.38450515]]		-1.3845051527
JNPR	[[-5.29055595 -6.09581327 -1.4332844 ]]		-1.43328440189
MAT	[[-8.43580723 -1.95109725 -1.54867959]]		-1.54867959023
MCK	[[-6.54337168 -3.15476394 -1.5660013 ]]		-1.56600129604
IPG	[[-8.5600729  -2.20228791 -1.66517007]]		-1.66517007351
NWL	[[-5.3557601  -4.38749695 -1.71205842]]		-1.71205842495
HPE	[[-7.14039373 -1.14138246 -1.72498536]]		-1.7249853611
AAL	[[-7.39715004 -1.18268228 -1.92413604]]		-1.92413604259
SCG	[[-6.71564484  1.28824353 -1.9503808 ]]		-1.95038080215
NAVI	[[-5.25878429 -5.94992495 -1.99594128]]		-1.99594128132
VIAB	[[-9.21062756 -1.68482852 -2.04974031]]		-2.04974031448
JWN	[[-4.49876356 -4.70349169 -2.20187283]]		-2.20187282562
SLG	[[-6.18904066 -3.46985126 -2.23003054]]		-2.23003053665
ALK	[[-9.07578278 -2.07329583 -2.34702826]]		-2.34702825546
SLB	[[-5.9873662  -1.85384345 -2.75650668]]		-2.75650668144
CVS	[[-7.00568438 -2.11052704 -2.76308703]]		-2.76308703423
DISCK	[[-6.90364313 -3.81412172 -2.81855249]]		-2.81855249405
UHS	[[-7.84037733 -1.826545   -2.95951319]]		-2.95951318741
BHF	[[-8.4680624  -0.69813854 -2.98368692]]		-2.98368692398
CHK	[[-12.43746376  -1.3834269   -3.02478504]]		-3.02478504181
DISCA	[[-6.88869143 -3.69012761 -3.07398605]]		-3.07398605347
ABC	[[-5.15338659 -3.68900514 -3.09938455]]		-3.09938454628
ULTA	[[-8.53963375 -2.68330312 -3.11578774]]		-3.11578774452
ADM	[[-7.59276438  2.02867293 -3.19881177]]		-3.19881176949
FBHS	[[-6.72884989  0.12041396 -3.20725465]]		-3.20725464821
