2018-01-10 17:49

CCI	[[-9.08644104 -1.11506939  8.36731052]]		8.36731052399
RTN	[[-8.0660553  -1.87213755  8.24673367]]		8.24673366547
A	[[-6.99194908 -0.62367916  8.1866312 ]]		8.1866312027
LMT	[[-8.49441624 -1.80974531  8.16723347]]		8.1672334671
LLY	[[-11.04474449  -1.14640999   7.82240772]]		7.82240772247
MCHP	[[-6.55785942 -1.95093012  7.61973286]]		7.61973285675
BXP	[[-9.71722794 -1.27801275  7.50840425]]		7.50840425491
AVGO	[[-9.21461773 -0.4457345   7.39300442]]		7.39300441742
PFE	[[-8.31063557 -1.44017029  7.33530188]]		7.33530187607
PKI	[[-6.60157013 -0.01087093  7.26824379]]		7.26824378967
EXC	[[-9.34473228 -0.78265762  7.13092995]]		7.1309299469
WAT	[[-6.15596676 -0.20497942  7.08112431]]		7.08112430573
PVH	[[-9.5863018   1.92721224  7.0477252 ]]		7.04772520065
XLNX	[[-7.61039162 -0.6249094   7.02815437]]		7.02815437317
PCAR	[[-11.43066025  -0.41190243   6.95458889]]		6.95458889008
XOM	[[-8.78406811 -1.26449394  6.86130142]]		6.86130142212
AOS	[[-8.68594742  0.25785065  6.83109617]]		6.83109617233
GPN	[[-7.21660709 -1.75031519  6.79044199]]		6.7904419899
FB	[[-6.82051754 -1.35330915  6.7531271 ]]		6.75312709808
TJX	[[ -1.12425852e+01   9.24015045e-03   6.75014400e+00]]		6.75014400482
SLB	[[-13.99241734   0.03788257   6.7205658 ]]		6.7205657959
COL	[[-6.3561945  -0.35437536  6.71910954]]		6.71910953522
ARNC	[[-12.40143299  -0.68535709   6.71448755]]		6.71448755264
DWDP	[[-8.07902908 -0.15336847  6.67994213]]		6.67994213104
SPG	[[-9.37853336 -1.79008341  6.67778635]]		6.67778635025
LLL	[[-9.11179638  0.25907421  6.67312717]]		6.67312717438
ETR	[[-7.19002628 -1.27921963  6.66980696]]		6.66980695724
CL	[[-9.96703053 -1.6301837   6.64975357]]		6.64975357056
AJG	[[-10.22962666   1.53690338   6.62314892]]		6.62314891815
MKC	[[-9.37402344 -0.73607826  6.60372448]]		6.60372447968
