2018-01-11 15:38

NVDA	[[-13.55635262   2.78861356  -4.37584877]]		-4.37584877014
SCG	[[-11.49077988  -1.09091592  -4.62691164]]		-4.62691164017
GM	[[-14.96620464   2.56163669  -4.968853  ]]		-4.96885299683
AMAT	[[-11.66665268   2.70538545  -5.11208439]]		-5.11208438873
BHGE	[[-17.70129967   7.00674915  -5.16289377]]		-5.16289377213
LRCX	[[-11.20543003   1.72947288  -5.17783642]]		-5.17783641815
XLNX	[[-11.92717934   2.94810033  -5.20399237]]		-5.20399236679
FLIR	[[-15.9601593    4.1999445   -5.47360277]]		-5.47360277176
TXN	[[-16.73735428   4.48032236  -5.58293676]]		-5.58293676376
ROK	[[-14.90890884   4.6093173   -5.64725733]]		-5.64725732803
ALB	[[-10.6708231    2.64788222  -5.73153925]]		-5.73153924942
NFX	[[-10.97770309   3.81518579  -5.85788774]]		-5.8578877449
RL	[[-17.25401497   4.25003052  -5.87387419]]		-5.87387418747
ILMN	[[-14.37675476   4.15664864  -5.95901299]]		-5.95901298523
CAT	[[-17.95878792   5.20670319  -6.00197506]]		-6.00197505951
ISRG	[[-12.88052368   1.52238441  -6.06921959]]		-6.06921958923
MCHP	[[-12.31728554   3.34855199  -6.13228941]]		-6.13228940964
ADI	[[-12.63175869   3.47447038  -6.13258028]]		-6.1325802803
BAC	[[-17.81429863   4.38971424  -6.18841887]]		-6.1884188652
TROW	[[-16.61995125   4.35458946  -6.20754766]]		-6.20754766464
BA	[[-18.76123047   3.88413215  -6.20904207]]		-6.2090420723
BWA	[[-12.48776817   2.34817672  -6.29313612]]		-6.29313611984
HRS	[[-15.00968742   3.27189469  -6.3206954 ]]		-6.32069540024
CDNS	[[-14.59653378   3.51122832  -6.321702  ]]		-6.32170200348
PYPL	[[-15.93819714   3.72653174  -6.32395887]]		-6.32395887375
FAST	[[-17.24325752   3.91580892  -6.44060755]]		-6.44060754776
COP	[[-15.50514507   4.62998009  -6.45003462]]		-6.45003461838
SWK	[[-13.54316616   2.69493747  -6.48289824]]		-6.48289823532
UNP	[[-16.59635925   2.81118274  -6.5596633 ]]		-6.55966329575
FMC	[[-12.71667767   3.97961354  -6.59884977]]		-6.59884977341
