2018-01-08 03:34

FCX	[[-16.28382111   4.72024536  -0.35628957]]		-0.356289565563
DISCK	[[-15.67499161  10.38602543  -0.41312975]]		-0.413129746914
DISCA	[[-15.43850327  10.10191536  -0.56655377]]		-0.566553771496
SCG	[[-12.50504875   9.04775143  -0.61993855]]		-0.61993855238
EVHC	[[-16.03447342  14.3172636   -0.75039262]]		-0.750392615795
CLX	[[-16.46472931   2.90406132  -1.0201261 ]]		-1.02012610435
ESRX	[[-14.40301418   3.29519629  -1.09117627]]		-1.09117627144
UAA	[[-13.97043228  11.56867886  -1.09939122]]		-1.099391222
AGN	[[-11.22344398   8.2652626   -1.41571927]]		-1.41571927071
UA	[[-14.17125034  12.69392776  -1.4587605 ]]		-1.45876049995
BBY	[[-18.39468575   5.00319099  -2.13813758]]		-2.13813757896
CTL	[[-15.62229919  11.92814064  -2.28858876]]		-2.28858876228
DRI	[[-16.15692329   4.3015132   -2.2948122 ]]		-2.29481220245
NWL	[[-17.11390305  15.98308086  -2.56093717]]		-2.56093716621
FTI	[[-16.13414383   4.04489708  -3.15291047]]		-3.15291047096
VZ	[[-20.98293495   4.33737469  -3.3432734 ]]		-3.34327340126
AAP	[[-16.25809097   8.38413048  -3.38629198]]		-3.38629198074
M	[[-17.9075737    9.67813778  -3.42058206]]		-3.42058205605
KR	[[-17.09134865   6.48632908  -3.72975135]]		-3.7297513485
VIAB	[[-18.43383789  10.0269537   -3.75074744]]		-3.75074744225
GIS	[[-16.55123329   3.9546864   -3.85917091]]		-3.8591709137
TSCO	[[-16.02725601   3.3389008   -3.88808513]]		-3.88808512688
KSS	[[-15.58075237   6.23069954  -4.10102749]]		-4.10102748871
WM	[[-15.65701675   4.24455452  -4.10757875]]		-4.10757875443
HAL	[[-17.3813343    6.68512344  -4.20295095]]		-4.20295095444
BA	[[-16.99073792   3.77887821  -4.29266214]]		-4.29266214371
WBA	[[-16.13221359   9.19367123  -4.29987478]]		-4.29987478256
KEY	[[-18.20620346   6.28712368  -4.30812836]]		-4.30812835693
DPS	[[-17.83950424   4.51757908  -4.35306311]]		-4.35306310654
LOW	[[-17.15553093   5.06654739  -4.42554379]]		-4.4255437851
