2018-06-06 19:12

ARNC	[[-9.85939789 -3.61321712  1.94548965]]		1.945489645
FCX	[[-6.59961605 -2.57967353 -0.86571795]]		-0.865717947483
CAH	[[-8.76958466 -0.84812528 -1.2367382 ]]		-1.23673820496
SYMC	[[-8.17489433 -1.23475957 -1.24354208]]		-1.24354207516
DRI	[[-6.27744341 -1.99030423 -1.284832  ]]		-1.28483200073
MAT	[[-5.9933753  -5.97609425 -2.00257182]]		-2.00257182121
CF	[[-7.38781977 -4.82153606 -2.06005597]]		-2.06005597115
NUE	[[-6.65964794 -2.88661599 -2.11370206]]		-2.11370205879
HAS	[[-6.71710348 -3.27778363 -2.18680787]]		-2.18680787086
AAPL	[[-6.10886669 -2.82530951 -2.22727728]]		-2.2272772789
JWN	[[-5.98902273 -2.44799232 -2.26957536]]		-2.26957535744
ALB	[[-7.71185446 -0.95389777 -2.420614  ]]		-2.42061400414
GIS	[[-8.16956425  1.26139998 -2.42173958]]		-2.42173957825
ABC	[[-6.74588251 -1.75226045 -2.42434335]]		-2.42434334755
SRCL	[[-6.71066713 -1.32865453 -2.53456998]]		-2.53456997871
LB	[[-5.86511278 -0.48428231 -2.63757277]]		-2.63757276535
NWL	[[-6.41031885  0.2348749  -2.67261338]]		-2.67261338234
CHTR	[[-7.55362225 -2.13223481 -2.68924212]]		-2.68924212456
PCAR	[[-6.75521183 -1.5836165  -2.70143819]]		-2.70143818855
COTY	[[-6.56614017 -1.35462976 -2.7081182 ]]		-2.7081182003
DWDP	[[-6.97883749 -1.9007771  -2.72974873]]		-2.72974872589
ADS	[[-7.06327343 -1.5866468  -2.91027999]]		-2.91027998924
ALK	[[-6.95586538  0.16951102 -2.94384885]]		-2.94384884834
DISH	[[-6.14322901  0.20170754 -2.99697256]]		-2.99697256088
AVGO	[[-7.64241743 -0.23554307 -3.03436589]]		-3.03436589241
DFS	[[-7.23127604 -2.34034371 -3.05995274]]		-3.0599527359
SJM	[[-9.14914131  0.9492504  -3.06383562]]		-3.06383562088
QRVO	[[-4.04023218 -1.62169099 -3.08904219]]		-3.08904218674
AVY	[[-6.59980917 -1.96764541 -3.1009295 ]]		-3.10092949867
EMR	[[-6.39093018 -2.14952564 -3.18916917]]		-3.18916916847
