2018-01-10 15:56

A	[[-6.99194908 -0.62367916  8.1866312 ]]		8.1866312027
AVGO	[[-9.21461773 -0.4457345   7.39300442]]		7.39300441742
PKI	[[-6.60157013 -0.01087093  7.26824379]]		7.26824378967
EXC	[[-9.34473228 -0.78265762  7.13092995]]		7.1309299469
WAT	[[-6.15596676 -0.20497942  7.08112431]]		7.08112430573
PVH	[[-9.5863018   1.92721224  7.0477252 ]]		7.04772520065
XLNX	[[-7.61039162 -0.6249094   7.02815437]]		7.02815437317
PCAR	[[-11.43066025  -0.41190243   6.95458889]]		6.95458889008
AOS	[[-8.68594742  0.25785065  6.83109617]]		6.83109617233
TJX	[[ -1.12425852e+01   9.24015045e-03   6.75014400e+00]]		6.75014400482
SLB	[[-13.99241734   0.03788257   6.7205658 ]]		6.7205657959
COL	[[-6.3561945  -0.35437536  6.71910954]]		6.71910953522
ARNC	[[-12.40143299  -0.68535709   6.71448755]]		6.71448755264
DWDP	[[-8.07902908 -0.15336847  6.67994213]]		6.67994213104
LLL	[[-9.11179638  0.25907421  6.67312717]]		6.67312717438
AJG	[[-10.22962666   1.53690338   6.62314892]]		6.62314891815
MKC	[[-9.37402344 -0.73607826  6.60372448]]		6.60372447968
HPE	[[-12.09249401  -0.47338533   6.59771347]]		6.59771347046
AAPL	[[-8.45865917  1.38514853  6.48177338]]		6.48177337646
IFF	[[-8.37244034  1.40604591  6.39173985]]		6.39173984528
V	[[-6.5486784   0.08744431  6.34973335]]		6.34973335266
ICE	[[-9.88961124 -0.42997932  6.17999792]]		6.17999792099
APTV	[[-7.68626976 -0.46397877  6.15304136]]		6.15304136276
FMC	[[-7.30259895  1.20068169  6.13967323]]		6.13967323303
FISV	[[-10.01196861  -0.81569958   6.12860489]]		6.12860488892
APH	[[-8.09163475  2.50739145  6.09664917]]		6.09664916992
GPC	[[-10.88588047   1.49186516   6.04193687]]		6.04193687439
AFL	[[-7.94172668 -0.33560181  6.03093576]]		6.03093576431
EXR	[[-10.28582478   2.34768486   5.99790907]]		5.99790906906
MET	[[-8.79520321 -0.77425432  5.98324394]]		5.98324394226
