2018-01-08 03:06

DISCK	[[-15.69380951  10.31110668  -0.40513247]]		-0.405132472515
DISCA	[[-15.34557343  10.16139793  -0.6412248 ]]		-0.64122480154
ESRX	[[-15.53605556   1.62623668  -0.83973473]]		-0.839734733105
SCG	[[-15.46127701  12.02422333  -1.44670844]]		-1.44670844078
CLX	[[-17.77450752   2.11256671  -1.62947392]]		-1.62947392464
EVHC	[[-15.54263306  11.13476849  -1.74850845]]		-1.74850845337
KR	[[-17.64744377   7.24734163  -1.93126893]]		-1.93126893044
BBY	[[-17.45605278   3.79427218  -2.17795897]]		-2.1779589653
DVA	[[-14.40122128   4.23559427  -2.2089541 ]]		-2.20895409584
UAA	[[-13.84831619  11.3360424   -2.37779427]]		-2.37779426575
AGN	[[-15.22673416  10.90364552  -2.44938397]]		-2.44938397408
ABC	[[-16.94119453   6.01247311  -2.47572732]]		-2.47572731972
FCX	[[-17.09109497   4.21334028  -2.48073554]]		-2.48073554039
GIS	[[-19.32568169   3.33914566  -2.490592  ]]		-2.49059200287
HRL	[[-19.73983574   6.15327787  -2.59154701]]		-2.59154701233
VIAB	[[-15.14063263  10.44703007  -2.69228816]]		-2.69228816032
UA	[[-13.79767799  10.79540539  -2.74962878]]		-2.74962878227
YUM	[[-16.43747139   3.11147213  -3.09560657]]		-3.09560656548
RL	[[-14.82583714   2.1993773   -3.27027774]]		-3.27027773857
ULTA	[[-15.85134506  10.93570614  -3.33002782]]		-3.33002781868
CAG	[[-17.16287994   3.41130733  -3.36396098]]		-3.36396098137
M	[[-18.24811172   8.3712616   -3.42106485]]		-3.42106485367
FOX	[[-17.14079857   7.91652393  -3.44037509]]		-3.44037508965
AAPL	[[-15.49224186   2.11451674  -3.46193624]]		-3.46193623543
NAVI	[[-14.67397118  11.50562382  -3.50311875]]		-3.50311875343
TSS	[[-15.8528986    3.00865245  -3.5618155 ]]		-3.56181550026
DGX	[[-16.20124054   7.99631882  -3.62615037]]		-3.62615036964
SYY	[[-16.81804276   4.11827898  -3.68838453]]		-3.68838453293
WM	[[-15.78908062   3.80765224  -3.72597671]]		-3.72597670555
VZ	[[-18.49723625   3.39761448  -3.72816825]]		-3.72816824913
