2018-01-11 17:12

UAA	[[-8.56303215 -3.2337327  -0.20649356]]		-0.206493556499
PCG	[[-6.24941587 -5.43359661 -0.69476575]]		-0.694765746593
MCK	[[-6.07134008 -3.18261456 -0.77961308]]		-0.779613077641
UA	[[-7.89111996 -3.486202   -1.02743649]]		-1.02743649483
OMC	[[-8.42312241 -2.14512706 -1.13912022]]		-1.13912022114
JWN	[[-5.04798269 -5.80579042 -1.54848301]]		-1.54848301411
IPG	[[-9.42206573 -0.93685371 -1.65136695]]		-1.65136694908
NWL	[[-4.65389109 -4.92884588 -1.70420372]]		-1.70420372486
CELG	[[-5.33852673 -6.77117348 -1.70434391]]		-1.70434391499
T	[[-6.51728201 -5.53050184 -1.76837242]]		-1.7683724165
SCG	[[-6.67399883  1.9234767  -1.80991518]]		-1.80991518497
AAL	[[-8.35640621  0.21782511 -1.82967186]]		-1.82967185974
NAVI	[[-6.03403854 -5.90168619 -1.92909861]]		-1.92909860611
ABC	[[-5.98924685 -3.4400599  -2.05982137]]		-2.05982136726
CVS	[[-8.28029251 -2.71848297 -2.09548569]]		-2.09548568726
CHK	[[-9.54268646 -2.46228957 -2.30229688]]		-2.30229687691
JNPR	[[-5.65623808 -5.06852436 -2.46336269]]		-2.46336269379
SLB	[[-6.53247213 -1.54285264 -2.47002935]]		-2.4700293541
SLG	[[-6.40883589 -2.72282195 -2.6044724 ]]		-2.60447239876
ALK	[[-9.57095242 -1.19741273 -2.61153316]]		-2.61153316498
INFO	[[-5.51832342 -1.52274156 -2.63912511]]		-2.63912510872
HAS	[[-9.06568336 -1.01171136 -2.65165782]]		-2.65165781975
UHS	[[-8.15094852 -2.2813971  -2.69315839]]		-2.69315838814
HPE	[[-7.62575865  0.21603841 -2.7129817 ]]		-2.7129817009
SNI	[[-7.13029528 -0.0907281  -2.82699656]]		-2.82699656487
FBHS	[[-6.69742537 -0.33538276 -2.85332417]]		-2.85332417488
EVHC	[[-2.85021544 -6.56179476 -2.86731744]]		-2.86731743813
VIAB	[[-9.28965759 -4.40435123 -2.96058083]]		-2.96058082581
STT	[[-6.8621583   0.498851   -3.08005023]]		-3.08005023003
CHD	[[-7.55722952 -1.67218041 -3.10906124]]		-3.10906124115
