2018-01-04 18:21

MAT	[[-11.92158794  -1.11731887   1.36590576]]		1.36590576172
AMD	[[-8.57917881 -1.12360215  0.4639979 ]]		0.463997900486
RRC	[[-7.48295641 -4.17562103  0.4147082 ]]		0.414708197117
SWKS	[[-10.00180435  -0.10005689   0.32928425]]		0.329284250736
QRVO	[[-7.54596996 -2.15980268  0.11759287]]		0.117592871189
EIX	[[-7.54117823 -3.7599175  -0.27103227]]		-0.271032273769
NVDA	[[-8.8851614  -0.25475478 -0.41302675]]		-0.413026750088
CHK	[[-9.37374687 -1.5226717  -0.55177158]]		-0.551771581173
ALGN	[[-12.0478754    1.58126211  -0.85657448]]		-0.856574475765
AMAT	[[-10.14809227   1.35744452  -1.09268904]]		-1.09268903732
HPQ	[[-10.70032215   0.85062075  -1.31536293]]		-1.3153629303
SIG	[[-11.29719734   1.07892275  -1.42427969]]		-1.42427968979
ALB	[[-10.50730419   0.86717939  -1.53044891]]		-1.53044891357
GM	[[-10.93778324   1.28820992  -1.58431578]]		-1.58431577682
NRG	[[-10.72487259   0.82569981  -1.71389484]]		-1.71389484406
LRCX	[[-9.25306034  1.56135559 -1.83623075]]		-1.83623075485
ISRG	[[-10.88819599   0.80345321  -1.84154701]]		-1.84154701233
A	[[-11.38107395   1.58136439  -1.91522455]]		-1.91522455215
NFLX	[[-10.08989239   0.57455015  -2.07134056]]		-2.07134056091
EA	[[-11.50168419   1.95421076  -2.11490297]]		-2.11490297318
DISH	[[-10.33715725   0.79242373  -2.1707983 ]]		-2.1707983017
ILMN	[[-11.26962757   0.6981442   -2.17963982]]		-2.17963981628
NFX	[[-9.18712234  0.40282893 -2.24814415]]		-2.24814414978
EQT	[[-9.61483097 -0.41011786 -2.24876642]]		-2.24876642227
AVGO	[[-10.20334148   0.74865294  -2.33815145]]		-2.33815145493
COG	[[-9.86848164  0.22856426 -2.41671181]]		-2.41671180725
ADI	[[-10.36825275   1.76660156  -2.43120813]]		-2.4312081337
CHTR	[[-10.86190891   1.27289653  -2.43940115]]		-2.43940114975
FE	[[-12.28770733   1.9379847   -2.47319078]]		-2.47319078445
ADBE	[[-11.00312901   1.54198956  -2.4855504 ]]		-2.48555040359
